spread, inertia, balancing, x flow error, x total, rest, ||Ux-f||
0.00000000, 0.00000000, 0.00000000, 0.00000000, 10000.00000000, 0.00000000, 0.00000000
0.00000000, 0.00000000, 0.00100000, 0.11174822, 10000.00000000, 3029.00000000, 1144.20321622
0.00000000, 0.00000000, 0.00200000, 0.25778249, 10000.00000000, 4397.00000000, 1228.26910732
0.00000000, 0.00000000, 0.00300000, 0.40801824, 10000.00000000, 5585.00000000, 1285.00933849
0.00000000, 0.00000000, 0.00400000, 0.57685858, 10000.00000000, 6972.00000000, 1436.52427755
0.00000000, 0.05000000, 0.00000000, 0.00000000, 10000.00000000, 2416.00000000, 1083.53218688
0.00000000, 0.05000000, 0.00100000, 0.13136729, 10000.00000000, 3196.00000000, 1154.26513419
0.00000000, 0.05000000, 0.00200000, 0.27605597, 10000.00000000, 4464.00000000, 1236.11083645
0.00000000, 0.05000000, 0.00300000, 0.41391794, 10000.00000000, 5629.00000000, 1288.53443881
0.00000000, 0.05000000, 0.00400000, 0.56977393, 10000.00000000, 6917.00000000, 1425.36486557
0.00000000, 0.10000000, 0.00000000, 0.00000000, 10000.00000000, 2416.00000000, 1083.53218688
0.00000000, 0.10000000, 0.00100000, 0.19889773, 10000.00000000, 3459.00000000, 1168.28635188
0.00000000, 0.10000000, 0.00200000, 0.28131551, 10000.00000000, 4515.00000000, 1242.67896095
0.00000000, 0.10000000, 0.00300000, 0.41072148, 10000.00000000, 5614.00000000, 1289.51386189
0.00000000, 0.10000000, 0.00400000, 0.56558631, 10000.00000000, 6877.00000000, 1419.51294464
0.00000000, 0.20000000, 0.00000000, 0.00000000, 10000.00000000, 2416.00000000, 1083.53218688
0.00000000, 0.20000000, 0.00100000, 0.28686413, 10000.00000000, 3355.00000000, 1143.86231689
0.00000000, 0.20000000, 0.00200000, 0.31519390, 10000.00000000, 4614.00000000, 1258.88680984
0.00000000, 0.20000000, 0.00300000, 0.40501499, 10000.00000000, 5634.00000000, 1296.13965297
0.00000000, 0.20000000, 0.00400000, 0.56583333, 10000.00000000, 6874.00000000, 1417.15913009
0.00000000, 0.30000000, 0.00000000, 0.00000000, 10000.00000000, 2416.00000000, 1083.53218688
0.00000000, 0.30000000, 0.00100000, 0.15929531, 10000.00000000, 3176.00000000, 1149.31544843
0.00000000, 0.30000000, 0.00200000, 0.33041872, 10000.00000000, 4563.00000000, 1260.59470092
0.00000000, 0.30000000, 0.00300000, 0.41502707, 10000.00000000, 5570.00000000, 1295.48832492
0.00000000, 0.30000000, 0.00400000, 0.57395805, 10000.00000000, 6872.00000000, 1417.18664967
0.05000000, 0.00000000, 0.00000000, 0.06800000, 10000.00000000, 680.00000000, 393.58099548
0.05000000, 0.00000000, 0.00100000, 0.12296126, 10000.00000000, 3117.00000000, 1138.85073649
0.05000000, 0.00000000, 0.00200000, 0.27004054, 10000.00000000, 4418.00000000, 1224.91632367
0.05000000, 0.00000000, 0.00300000, 0.41573788, 10000.00000000, 5649.00000000, 1290.84274798
0.05000000, 0.00000000, 0.00400000, 0.58253239, 10000.00000000, 7003.00000000, 1440.22255225
0.05000000, 0.05000000, 0.00000000, 0.21082996, 10000.00000000, 2203.00000000, 1041.84403823
0.05000000, 0.05000000, 0.00100000, 0.17860636, 10000.00000000, 3281.00000000, 1149.64559756
0.05000000, 0.05000000, 0.00200000, 0.28037139, 10000.00000000, 4497.00000000, 1234.33423350
0.05000000, 0.05000000, 0.00300000, 0.41914722, 10000.00000000, 5668.00000000, 1291.48674016
0.05000000, 0.05000000, 0.00400000, 0.57960644, 10000.00000000, 6945.00000000, 1432.42556526
0.05000000, 0.10000000, 0.00000000, 0.00000000, 10000.00000000, 2416.00000000, 1083.53218688
0.05000000, 0.10000000, 0.00100000, 0.20146969, 10000.00000000, 3480.00000000, 1162.77426872
0.05000000, 0.10000000, 0.00200000, 0.28786688, 10000.00000000, 4565.00000000, 1242.15417723
0.05000000, 0.10000000, 0.00300000, 0.41770791, 10000.00000000, 5666.00000000, 1292.47050256
0.05000000, 0.10000000, 0.00400000, 0.57350097, 10000.00000000, 6913.00000000, 1426.21632300
0.05000000, 0.20000000, 0.00000000, 0.00000000, 10000.00000000, 2416.00000000, 1083.53218688
0.05000000, 0.20000000, 0.00100000, 0.31288216, 10000.00000000, 3370.00000000, 1130.97126400
0.05000000, 0.20000000, 0.00200000, 0.34364722, 10000.00000000, 4612.00000000, 1253.81737107
0.05000000, 0.20000000, 0.00300000, 0.42821259, 10000.00000000, 5675.00000000, 1297.73533511
0.05000000, 0.20000000, 0.00400000, 0.56766451, 10000.00000000, 6866.00000000, 1418.09731683
0.05000000, 0.30000000, 0.00000000, 0.00000000, 10000.00000000, 2416.00000000, 1083.53218688
0.05000000, 0.30000000, 0.00100000, 0.25364304, 10000.00000000, 3188.00000000, 1137.37416886
0.05000000, 0.30000000, 0.00200000, 0.33906155, 10000.00000000, 4577.00000000, 1256.88782316
0.05000000, 0.30000000, 0.00300000, 0.42218412, 10000.00000000, 5619.00000000, 1297.55732051
0.05000000, 0.30000000, 0.00400000, 0.58039530, 10000.00000000, 6858.00000000, 1419.04193032
0.10000000, 0.00000000, 0.00000000, 0.10050000, 10000.00000000, 1005.00000000, 514.52016481
0.10000000, 0.00000000, 0.00100000, 0.17738386, 10000.00000000, 3271.00000000, 1141.70968289
0.10000000, 0.00000000, 0.00200000, 0.28377141, 10000.00000000, 4523.00000000, 1223.35154392
0.10000000, 0.00000000, 0.00300000, 0.42532120, 10000.00000000, 5706.00000000, 1292.00696593
0.10000000, 0.00000000, 0.00400000, 0.59254163, 10000.00000000, 7039.00000000, 1444.68231802
0.10000000, 0.05000000, 0.00000000, 0.19290000, 10000.00000000, 1929.00000000, 893.45117382
0.10000000, 0.05000000, 0.00100000, 0.19266952, 10000.00000000, 3392.00000000, 1148.64267725
0.10000000, 0.05000000, 0.00200000, 0.28952530, 10000.00000000, 4567.00000000, 1228.60693470
0.10000000, 0.05000000, 0.00300000, 0.42331370, 10000.00000000, 5691.00000000, 1290.44217228
0.10000000, 0.05000000, 0.00400000, 0.58190844, 10000.00000000, 6968.00000000, 1431.66686069
0.10000000, 0.10000000, 0.00000000, 0.21086461, 10000.00000000, 2388.00000000, 1076.79710252
0.10000000, 0.10000000, 0.00100000, 0.26684697, 10000.00000000, 3494.00000000, 1154.80041566
0.10000000, 0.10000000, 0.00200000, 0.30395451, 10000.00000000, 4614.00000000, 1236.85326535
0.10000000, 0.10000000, 0.00300000, 0.42322598, 10000.00000000, 5684.00000000, 1292.56334468
0.10000000, 0.10000000, 0.00400000, 0.57686475, 10000.00000000, 6931.00000000, 1426.86754816
0.10000000, 0.20000000, 0.00000000, 0.00131857, 10000.00000000, 2426.00000000, 1083.55710509
0.10000000, 0.20000000, 0.00100000, 0.34074519, 10000.00000000, 3418.00000000, 1129.38567372
0.10000000, 0.20000000, 0.00200000, 0.35059423, 10000.00000000, 4645.00000000, 1247.82009921
0.10000000, 0.20000000, 0.00300000, 0.44725035, 10000.00000000, 5688.00000000, 1296.96183444
0.10000000, 0.20000000, 0.00400000, 0.57401021, 10000.00000000, 6912.00000000, 1424.52658803
0.10000000, 0.30000000, 0.00000000, 0.00131857, 10000.00000000, 2426.00000000, 1083.55710509
0.10000000, 0.30000000, 0.00100000, 0.25980714, 10000.00000000, 3245.00000000, 1132.40937827
0.10000000, 0.30000000, 0.00200000, 0.34658747, 10000.00000000, 4610.00000000, 1250.14479161
0.10000000, 0.30000000, 0.00300000, 0.43177961, 10000.00000000, 5648.00000000, 1298.57229294
0.10000000, 0.30000000, 0.00400000, 0.58054054, 10000.00000000, 6896.00000000, 1422.08930803
